Age,Year,Quarter,YQ,Deaths,Population,Death_rate
0-4,2008,1,2008 Q1,88,325606,2.7026528995165936e-4
0-4,2008,2,2008 Q2,65,326223,1.9925020614732866e-4
0-4,2008,3,2008 Q3,82,326497,2.511508528409143e-4
0-4,2008,4,2008 Q4,71,326648,2.1735935931032794e-4
0-4,2009,1,2009 Q1,60,326932,1.8352440262806943e-4
0-4,2009,2,2009 Q2,60,326629,1.8369465050561954e-4
0-4,2009,3,2009 Q3,62,326651,1.8980502126122374e-4
0-4,2009,4,2009 Q4,55,326462,1.6847290036818986e-4
0-4,2010,1,2010 Q1,66,326067,2.0241238763812346e-4
0-4,2010,2,2010 Q2,78,326187,2.3912663594809113e-4
0-4,2010,3,2010 Q3,51,326034,1.5642540348552604e-4
0-4,2010,4,2010 Q4,54,325707,1.65793182215918e-4
0-4,2011,1,2011 Q1,64,325495,1.9662360404921735e-4
0-4,2011,2,2011 Q2,59,324310,1.8192470167432395e-4
0-4,2011,3,2011 Q3,55,322706,1.704337694371967e-4
0-4,2011,4,2011 Q4,70,320934,2.1811338156754972e-4
0-4,2012,1,2012 Q1,56,319203,1.7543694764773514e-4
0-4,2012,2,2012 Q2,58,317989,1.8239624641103937e-4
0-4,2012,3,2012 Q3,65,316546,2.053414037770182e-4
0-4,2012,4,2012 Q4,55,314720,1.7475851550584646e-4
0-4,2013,1,2013 Q1,54,312956,1.7254821764081852e-4
0-4,2013,2,2013 Q2,61,310893,1.962089850849006e-4
0-4,2013,3,2013 Q3,68,309086,2.2000349417314276e-4
0-4,2013,4,2013 Q4,54,306162,1.7637721206420132e-4
0-4,2014,1,2014 Q1,70,303782,2.3042839931266502e-4
0-4,2014,2,2014 Q2,56,301959,1.8545564132878967e-4
0-4,2014,3,2014 Q3,63,300553,2.0961361224143495e-4
0-4,2014,4,2014 Q4,71,299428,2.3711877312742965e-4
0-4,2015,1,2015 Q1,57,298368,1.9103925353925353e-4
0-4,2015,2,2015 Q2,63,296415,2.1253985122210415e-4
0-4,2015,3,2015 Q3,58,295288,1.9641841185554442e-4
0-4,2015,4,2015 Q4,58,294918,1.966648356492313e-4
0-4,2016,1,2016 Q1,62,294748,2.1034917963819942e-4
0-4,2016,2,2016 Q2,52,294917,1.7632079534241838e-4
0-4,2016,3,2016 Q3,64,295476,2.1659965614804585e-4
0-4,2016,4,2016 Q4,50,296879,1.6841878341007616e-4
0-4,2017,1,2017 Q1,70,298063,2.3484967943018757e-4
0-4,2017,2,2017 Q2,68,298208,2.2802875845047752e-4
0-4,2017,3,2017 Q3,84,299086,2.808556736189591e-4
0-4,2017,4,2017 Q4,45,299891,1.500545198088639e-4
0-4,2018,1,2018 Q1,74,300798,2.460122740177794e-4
0-4,2018,2,2018 Q2,65,301443,2.156294888254164e-4
0-4,2018,3,2018 Q3,53,302663,1.7511225356254317e-4
0-4,2018,4,2018 Q4,62,303940,2.0398762913732973e-4
0-4,2019,1,2019 Q1,45,304963,1.475588841925086e-4
0-4,2019,2,2019 Q2,45,305216,1.4743656951142798e-4
0-4,2019,3,2019 Q3,64,306249,2.089802742213036e-4
0-4,2019,4,2019 Q4,54,307477,1.756228921187601e-4
0-4,2020,1,2020 Q1,52,307888,1.688925843163748e-4
0-4,2020,2,2020 Q2,64,308575,2.0740500688649436e-4
0-4,2020,3,2020 Q3,51,309527,1.6476753239620453e-4
0-4,2020,4,2020 Q4,48,310088,1.5479476793684374e-4
0-4,2021,1,2021 Q1,61,309850,1.968694529611102e-4
0-4,2021,2,2021 Q2,52,310362,1.6754628466113765e-4
0-4,2021,3,2021 Q3,60,310710,1.9310611180843875e-4
0-4,2021,4,2021 Q4,60,310769,1.9306945029909676e-4
0-4,2022,1,2022 Q1,64,311412,2.0551552284433483e-4
0-4,2022,2,2022 Q2,51,311473,1.637381089211585e-4
0-4,2022,3,2022 Q3,49,312721,1.566891894052526e-4
0-4,2022,4,2022 Q4,56,312174,1.7938713666096473e-4
5-9,2008,1,2008 Q1,4,332439,1.2032282614254044e-5
5-9,2008,2,2008 Q2,12,331578,3.6190579592132166e-5
5-9,2008,3,2008 Q3,7,331417,2.1121427084307684e-5
5-9,2008,4,2008 Q4,4,331227,1.2076310204180215e-5
5-9,2009,1,2009 Q1,6,331075,1.8122781847013516e-5
5-9,2009,2,2009 Q2,4,330642,1.2097676641201056e-5
5-9,2009,3,2009 Q3,10,329869,3.0315064464984586e-5
5-9,2009,4,2009 Q4,4,329688,1.213268302152338e-5
5-9,2010,1,2010 Q1,7,329874,2.122022347926784e-5
5-9,2010,2,2010 Q2,6,329272,1.8222017055807964e-5
5-9,2010,3,2010 Q3,4,328581,1.2173558422428565e-5
5-9,2010,4,2010 Q4,4,328476,1.2177449798463206e-5
5-9,2011,1,2011 Q1,13,327867,3.965022402376573e-5
5-9,2011,2,2011 Q2,6,327392,1.832665428599355e-5
5-9,2011,3,2011 Q3,5,327556,1.5264565448350816e-5
5-9,2011,4,2011 Q4,6,328204,1.8281312842012895e-5
5-9,2012,1,2012 Q1,5,328548,1.521847644788585e-5
5-9,2012,2,2012 Q2,7,328331,2.131994846663885e-5
5-9,2012,3,2012 Q3,8,328240,2.4372410431391666e-5
5-9,2012,4,2012 Q4,5,328685,1.5212133197438277e-5
5-9,2013,1,2013 Q1,5,329520,1.5173585821801408e-5
5-9,2013,2,2013 Q2,4,330029,1.2120147017383321e-5
5-9,2013,3,2013 Q3,4,330298,1.2110276174848167e-5
5-9,2013,4,2013 Q4,7,330635,2.1171382340042647e-5
5-9,2014,1,2014 Q1,2,331146,6.0396320656145625e-6
5-9,2014,2,2014 Q2,5,330952,1.5107931059488989e-5
5-9,2014,3,2014 Q3,2,331139,6.0397597383576084e-6
5-9,2014,4,2014 Q4,5,331125,1.5100037750094376e-5
5-9,2015,1,2015 Q1,12,330947,3.625958235004397e-5
5-9,2015,2,2015 Q2,2,331343,6.036041202017245e-6
5-9,2015,3,2015 Q3,7,331703,2.110321582861777e-5
5-9,2015,4,2015 Q4,3,332068,9.034294180709974e-6
5-9,2016,1,2016 Q1,7,332625,2.1044720030063886e-5
5-9,2016,2,2016 Q2,9,332131,2.70977415537845e-5
5-9,2016,3,2016 Q3,7,331064,2.114394799797018e-5
5-9,2016,4,2016 Q4,6,330002,1.8181707989648547e-5
5-9,2017,1,2017 Q1,4,328443,1.2178673316222297e-5
5-9,2017,2,2017 Q2,4,327356,1.2219113136768533e-5
5-9,2017,3,2017 Q3,4,326098,1.2266251249624346e-5
5-9,2017,4,2017 Q4,3,324556,9.243397133314436e-6
5-9,2018,1,2018 Q1,6,322681,1.8594215339607848e-5
5-9,2018,2,2018 Q2,5,320520,1.559965056782728e-5
5-9,2018,3,2018 Q3,6,318609,1.8831859740308656e-5
5-9,2018,4,2018 Q4,4,315855,1.2664038878599358e-5
5-9,2019,1,2019 Q1,8,313253,2.5538462520710098e-5
5-9,2019,2,2019 Q2,3,311067,9.644224556124564e-6
5-9,2019,3,2019 Q3,7,309364,2.262706714420553e-5
5-9,2019,4,2019 Q4,3,307982,9.740829009487568e-6
5-9,2020,1,2020 Q1,8,306601,2.6092543729472508e-5
5-9,2020,2,2020 Q2,2,303877,6.58161032259763e-6
5-9,2020,3,2020 Q3,6,301910,1.9873472226822564e-5
5-9,2020,4,2020 Q4,5,301042,1.6608978149228346e-5
5-9,2021,1,2021 Q1,3,300360,9.98801438274071e-6
5-9,2021,2,2021 Q2,4,299867,1.3339247066199348e-5
5-9,2021,3,2021 Q3,7,299898,2.3341269364917404e-5
5-9,2021,4,2021 Q4,7,300829,2.3269033238151906e-5
5-9,2022,1,2022 Q1,1,301614,3.3154959650414105e-6
5-9,2022,2,2022 Q2,5,301734,1.6570886940152584e-5
5-9,2022,3,2022 Q3,5,305178,1.638388088263243e-5
5-9,2022,4,2022 Q4,5,306010,1.6339335315839352e-5
10-14,2008,1,2008 Q1,10,351872,2.8419425245543833e-5
10-14,2008,2,2008 Q2,13,350976,3.703956965718454e-5
10-14,2008,3,2008 Q3,9,350079,2.5708482942421566e-5
10-14,2008,4,2008 Q4,9,350251,2.569585811318169e-5
10-14,2009,1,2009 Q1,2,350079,5.712996209427015e-6
10-14,2009,2,2009 Q2,9,349299,2.5765891113344154e-5
10-14,2009,3,2009 Q3,7,348119,2.0108066494503315e-5
10-14,2009,4,2009 Q4,11,347652,3.164083623853739e-5
10-14,2010,1,2010 Q1,5,345377,1.4476933901215194e-5
10-14,2010,2,2010 Q2,9,343962,2.6165681092678842e-5
10-14,2010,3,2010 Q3,5,343314,1.45639269007381e-5
10-14,2010,4,2010 Q4,7,342262,2.0452168222005363e-5
10-14,2011,1,2011 Q1,13,341725,3.804228546345746e-5
10-14,2011,2,2011 Q2,6,340835,1.7603825898161866e-5
10-14,2011,3,2011 Q3,8,340579,2.34894106800478e-5
10-14,2011,4,2011 Q4,3,340083,8.821375958221963e-6
10-14,2012,1,2012 Q1,6,338707,1.7714425742603488e-5
10-14,2012,2,2012 Q2,3,337558,8.887361579343401e-6
10-14,2012,3,2012 Q3,9,336237,2.6766834108084476e-5
10-14,2012,4,2012 Q4,3,335332,8.946357639593e-6
10-14,2013,1,2013 Q1,6,335120,1.7904034375746e-5
10-14,2013,2,2013 Q2,8,334230,2.393561320049068e-5
10-14,2013,3,2013 Q3,5,333894,1.4974812365601059e-5
10-14,2013,4,2013 Q4,4,333860,1.1981069909542921e-5
10-14,2014,1,2014 Q1,7,333742,2.0974285525945192e-5
10-14,2014,2,2014 Q2,3,333460,8.99658129910634e-6
10-14,2014,3,2014 Q3,6,332675,1.803562035019163e-5
10-14,2014,4,2014 Q4,7,332806,2.1033274640481242e-5
10-14,2015,1,2015 Q1,6,333332,1.8000072000288002e-5
10-14,2015,2,2015 Q2,6,332951,1.8020669708155255e-5
10-14,2015,3,2015 Q3,7,332601,2.1046238586173822e-5
10-14,2015,4,2015 Q4,6,332969,1.8019695527211242e-5
10-14,2016,1,2016 Q1,4,332901,1.2015584212723904e-5
10-14,2016,2,2016 Q2,8,332859,2.4034200667549923e-5
10-14,2016,3,2016 Q3,4,333211,1.2004405616861388e-5
10-14,2016,4,2016 Q4,3,334490,8.96887799336303e-6
10-14,2017,1,2017 Q1,7,335062,2.0891655872644464e-5
10-14,2017,2,2017 Q2,4,335061,1.193812469968155e-5
10-14,2017,3,2017 Q3,5,335179,1.4917402343225561e-5
10-14,2017,4,2017 Q4,4,336112,1.1900794973104203e-5
10-14,2018,1,2018 Q1,4,337091,1.1866231967035608e-5
10-14,2018,2,2018 Q2,4,337853,1.1839468644647228e-5
10-14,2018,3,2018 Q3,6,338216,1.7740142394209616e-5
10-14,2018,4,2018 Q4,5,338923,1.4752613425468321e-5
10-14,2019,1,2019 Q1,7,339254,2.063350763734547e-5
10-14,2019,2,2019 Q2,10,339011,2.949756792552454e-5
10-14,2019,3,2019 Q3,5,338994,1.474952359038803e-5
10-14,2019,4,2019 Q4,4,339072,1.179690449226123e-5
10-14,2020,1,2020 Q1,10,338629,2.953084348948259e-5
10-14,2020,2,2020 Q2,4,338798,1.1806445138401053e-5
10-14,2020,3,2020 Q3,7,338612,2.0672628258892184e-5
10-14,2020,4,2020 Q4,8,338653,2.3623000534470387e-5
10-14,2021,1,2021 Q1,2,338574,5.907128131516301e-6
10-14,2021,2,2021 Q2,6,337520,1.77767243422612e-5
10-14,2021,3,2021 Q3,6,335993,1.785751488870304e-5
10-14,2021,4,2021 Q4,8,334534,2.3913862268110266e-5
10-14,2022,1,2022 Q1,8,332805,2.403810038911675e-5
10-14,2022,2,2022 Q2,4,331758,1.2056981293593523e-5
10-14,2022,3,2022 Q3,2,332910,6.007629689705927e-6
10-14,2022,4,2022 Q4,7,331694,2.1103788431506146e-5
15-19,2008,1,2008 Q1,32,334263,9.573300066115604e-5
15-19,2008,2,2008 Q2,24,336571,7.130739130822322e-5
15-19,2008,3,2008 Q3,21,338265,6.20815041461576e-5
15-19,2008,4,2008 Q4,31,341651,9.073586788857636e-5
15-19,2009,1,2009 Q1,32,342927,9.33143205405232e-5
15-19,2009,2,2009 Q2,23,344426,6.677776939023186e-5
15-19,2009,3,2009 Q3,29,345863,8.384822892301287e-5
15-19,2009,4,2009 Q4,18,348634,5.163007624041258e-5
15-19,2010,1,2010 Q1,22,350928,6.269092235444308e-5
15-19,2010,2,2010 Q2,26,352447,7.376995690132133e-5
15-19,2010,3,2010 Q3,20,353069,5.664615131886402e-5
15-19,2010,4,2010 Q4,21,355643,5.9047977887938186e-5
15-19,2011,1,2011 Q1,20,356466,5.610633272177431e-5
15-19,2011,2,2011 Q2,24,357184,6.719225945171116e-5
15-19,2011,3,2011 Q3,18,356370,5.0509302129808904e-5
15-19,2011,4,2011 Q4,20,357944,5.587466195829515e-5
15-19,2012,1,2012 Q1,24,359125,6.682909850330665e-5
15-19,2012,2,2012 Q2,16,358789,4.459445523692198e-5
15-19,2012,3,2012 Q3,11,358229,3.070661504233326e-5
15-19,2012,4,2012 Q4,18,359282,5.0099921510122965e-5
15-19,2013,1,2013 Q1,26,358224,7.258028496136496e-5
15-19,2013,2,2013 Q2,17,357062,4.76107790803838e-5
15-19,2013,3,2013 Q3,18,355729,5.0600316533091205e-5
15-19,2013,4,2013 Q4,18,356893,5.0435284525053726e-5
15-19,2014,1,2014 Q1,17,356746,4.76529519602182e-5
15-19,2014,2,2014 Q2,15,355869,4.215034183927232e-5
15-19,2014,3,2014 Q3,16,354261,4.516444090656324e-5
15-19,2014,4,2014 Q4,13,355311,3.658766545364483e-5
15-19,2015,1,2015 Q1,20,352904,5.667263618434475e-5
15-19,2015,2,2015 Q2,17,351513,4.8362364976544256e-5
15-19,2015,3,2015 Q3,8,350604,2.2817765912539502e-5
15-19,2015,4,2015 Q4,14,351587,3.9819447249187256e-5
15-19,2016,1,2016 Q1,13,350964,3.704083609714957e-5
15-19,2016,2,2016 Q2,15,350274,4.28236180818445e-5
15-19,2016,3,2016 Q3,10,349699,2.8596021149617243e-5
15-19,2016,4,2016 Q4,20,351040,5.697356426618049e-5
15-19,2017,1,2017 Q1,23,349350,6.5836553599542e-5
15-19,2017,2,2017 Q2,18,348090,5.171076445746789e-5
15-19,2017,3,2017 Q3,15,346025,4.334946896900513e-5
15-19,2017,4,2017 Q4,15,346760,4.3257584496481715e-5
15-19,2018,1,2018 Q1,21,345980,6.069715012428464e-5
15-19,2018,2,2018 Q2,20,344955,5.79785769158296e-5
15-19,2018,3,2018 Q3,15,344054,4.35978073209438e-5
15-19,2018,4,2018 Q4,21,345291,6.081826633187659e-5
15-19,2019,1,2019 Q1,24,344415,6.968337615957493e-5
15-19,2019,2,2019 Q2,21,343831,6.10765172424825e-5
15-19,2019,3,2019 Q3,12,342289,3.505809418357002e-5
15-19,2019,4,2019 Q4,16,343469,4.65835344674483e-5
15-19,2020,1,2020 Q1,19,343282,5.534808116941756e-5
15-19,2020,2,2020 Q2,11,342464,3.212016445524201e-5
15-19,2020,3,2020 Q3,16,341050,4.691394223720862e-5
15-19,2020,4,2020 Q4,11,342200,3.2144944476914086e-5
15-19,2021,1,2021 Q1,13,341466,3.807114031850902e-5
15-19,2021,2,2021 Q2,15,340752,4.4020284547119315e-5
15-19,2021,3,2021 Q3,12,340416,3.525098702763678e-5
15-19,2021,4,2021 Q4,19,343476,5.531681980691519e-5
15-19,2022,1,2022 Q1,16,343723,4.654911076651839e-5
15-19,2022,2,2022 Q2,16,343738,4.654707946168303e-5
15-19,2022,3,2022 Q3,18,344718,5.221659443371103e-5
15-19,2022,4,2022 Q4,10,347043,2.88148730848915e-5
20-24,2008,1,2008 Q1,54,303797,1.7775027403167247e-4
20-24,2008,2,2008 Q2,35,306826,1.1407116737173512e-4
20-24,2008,3,2008 Q3,32,307658,1.0401159729309818e-4
20-24,2008,4,2008 Q4,43,313858,1.3700463266827674e-4
20-24,2009,1,2009 Q1,43,315695,1.362074153851027e-4
20-24,2009,2,2009 Q2,30,318935,9.406305360026337e-5
20-24,2009,3,2009 Q3,25,319156,7.833159959392898e-5
20-24,2009,4,2009 Q4,29,325224,8.916931099795833e-5
20-24,2010,1,2010 Q1,31,326535,9.493622429448605e-5
20-24,2010,2,2010 Q2,39,330420,1.180315961503541e-4
20-24,2010,3,2010 Q3,36,329802,1.0915640293266869e-4
20-24,2010,4,2010 Q4,31,336398,9.215274763821426e-5
20-24,2011,1,2011 Q1,31,337459,9.186301150658302e-5
20-24,2011,2,2011 Q2,36,340453,0.00010574146798530193
20-24,2011,3,2011 Q3,33,340005,9.705739621476155e-5
20-24,2011,4,2011 Q4,29,345981,8.381963171388024e-5
20-24,2012,1,2012 Q1,29,347475,8.345924167206273e-5
20-24,2012,2,2012 Q2,32,350918,9.118939467339948e-5
20-24,2012,3,2012 Q3,23,350391,6.564095538983593e-5
20-24,2012,4,2012 Q4,29,357709,8.107148548121518e-5
20-24,2013,1,2013 Q1,22,359625,6.117483489746263e-5
20-24,2013,2,2013 Q2,26,363005,7.1624357791215e-5
20-24,2013,3,2013 Q3,23,361878,6.355733147635391e-5
20-24,2013,4,2013 Q4,24,368405,6.514569563388119e-5
20-24,2014,1,2014 Q1,36,368274,9.775330324703889e-5
20-24,2014,2,2014 Q2,23,371060,6.198458470328249e-5
20-24,2014,3,2014 Q3,23,370408,6.209369128096585e-5
20-24,2014,4,2014 Q4,29,376250,7.70764119601329e-5
20-24,2015,1,2015 Q1,39,377040,1.0343730108211331e-4
20-24,2015,2,2015 Q2,32,380779,8.403824790757894e-5
20-24,2015,3,2015 Q3,22,380329,5.7844655548222724e-5
20-24,2015,4,2015 Q4,25,386701,6.464943199009053e-5
20-24,2016,1,2016 Q1,28,386749,7.239837724208724e-5
20-24,2016,2,2016 Q2,34,389132,8.737395022768624e-5
20-24,2016,3,2016 Q3,35,385936,9.06886115832677e-5
20-24,2016,4,2016 Q4,40,392192,1.0199086161879895e-4
20-24,2017,1,2017 Q1,27,391322,6.899688747374285e-5
20-24,2017,2,2017 Q2,37,392521,9.426247258108483e-5
20-24,2017,3,2017 Q3,22,389288,5.651342964591767e-5
20-24,2017,4,2017 Q4,33,394132,8.372829407406655e-5
20-24,2018,1,2018 Q1,23,391572,5.873760125851695e-5
20-24,2018,2,2018 Q2,27,391432,6.897749800731673e-5
20-24,2018,3,2018 Q3,18,387147,4.6493967407728846e-5
20-24,2018,4,2018 Q4,11,391830,2.8073399178215043e-5
20-24,2019,1,2019 Q1,21,388990,5.398596364945114e-5
20-24,2019,2,2019 Q2,29,389876,7.438262421898245e-5
20-24,2019,3,2019 Q3,31,385104,8.049773567659645e-5
20-24,2019,4,2019 Q4,30,388124,7.729488513980068e-5
20-24,2020,1,2020 Q1,25,381891,6.546370561233441e-5
20-24,2020,2,2020 Q2,25,380328,6.573273595422898e-5
20-24,2020,3,2020 Q3,39,376890,1.0347846851866592e-4
20-24,2020,4,2020 Q4,32,377283,8.481696763437525e-5
20-24,2021,1,2021 Q1,26,375904,6.916659572656848e-5
20-24,2021,2,2021 Q2,37,373920,9.895164741121095e-5
20-24,2021,3,2021 Q3,29,372987,7.775069908602712e-5
20-24,2021,4,2021 Q4,25,376873,6.633534373648418e-5
20-24,2022,1,2022 Q1,28,375447,7.457776996486854e-5
20-24,2022,2,2022 Q2,27,376804,7.165529028354264e-5
20-24,2022,3,2022 Q3,33,373816,8.827872536221029e-5
20-24,2022,4,2022 Q4,32,377000,8.488063660477454e-5
25-29,2008,1,2008 Q1,34,319723,1.06342052339056e-4
25-29,2008,2,2008 Q2,37,318150,1.162973440201163e-4
25-29,2008,3,2008 Q3,44,315911,1.392797338490904e-4
25-29,2008,4,2008 Q4,26,315667,8.236527733339247e-5
25-29,2009,1,2009 Q1,49,315123,1.5549483852337023e-4
25-29,2009,2,2009 Q2,41,313786,1.3066229850917504e-4
25-29,2009,3,2009 Q3,38,312082,1.2176287001493197e-4
25-29,2009,4,2009 Q4,42,311859,1.3467624791973294e-4
25-29,2010,1,2010 Q1,38,310970,1.2219828279255233e-4
25-29,2010,2,2010 Q2,27,309924,8.71181321872459e-5
25-29,2010,3,2010 Q3,30,309632,9.68892104175279e-5
25-29,2010,4,2010 Q4,37,310915,1.1900358618915138e-4
25-29,2011,1,2011 Q1,22,311548,7.061512190737864e-5
25-29,2011,2,2011 Q2,24,312317,7.684500043225312e-5
25-29,2011,3,2011 Q3,24,313457,7.656552573399223e-5
25-29,2011,4,2011 Q4,35,315220,1.1103356386016115e-4
25-29,2012,1,2012 Q1,35,316190,1.1069293779056896e-4
25-29,2012,2,2012 Q2,29,316976,9.14895764979052e-5
25-29,2012,3,2012 Q3,31,318444,9.734835638291191e-5
25-29,2012,4,2012 Q4,18,320611,5.6142802336788194e-5
25-29,2013,1,2013 Q1,22,322222,6.827590915579942e-5
25-29,2013,2,2013 Q2,37,324841,1.1390187814961781e-4
25-29,2013,3,2013 Q3,30,327227,9.167947632683122e-5
25-29,2013,4,2013 Q4,23,331025,6.948115701231025e-5
25-29,2014,1,2014 Q1,31,333707,9.28958637367511e-5
25-29,2014,2,2014 Q2,22,336510,6.537695759412795e-5
25-29,2014,3,2014 Q3,24,339464,7.069969127801475e-5
25-29,2014,4,2014 Q4,41,343507,1.1935710189312008e-4
25-29,2015,1,2015 Q1,25,346358,7.217965226730724e-5
25-29,2015,2,2015 Q2,31,350536,8.843599516169523e-5
25-29,2015,3,2015 Q3,27,353741,7.63270302283309e-5
25-29,2015,4,2015 Q4,32,358493,8.926255184899008e-5
25-29,2016,1,2016 Q1,37,361983,1.0221474489133467e-4
25-29,2016,2,2016 Q2,32,365523,8.754579055216772e-5
25-29,2016,3,2016 Q3,41,368484,1.112667035746464e-4
25-29,2016,4,2016 Q4,33,371949,8.87218408975424e-5
25-29,2017,1,2017 Q1,34,374117,9.08806603281861e-5
25-29,2017,2,2017 Q2,32,377758,8.471031718719392e-5
25-29,2017,3,2017 Q3,26,380096,6.840377167873379e-5
25-29,2017,4,2017 Q4,36,384108,9.372364022618638e-5
25-29,2018,1,2018 Q1,39,386777,1.0083329670585376e-4
25-29,2018,2,2018 Q2,35,389153,8.993891862583612e-5
25-29,2018,3,2018 Q3,27,391149,6.90274038793401e-5
25-29,2018,4,2018 Q4,29,394010,7.360219283774523e-5
25-29,2019,1,2019 Q1,37,394889,9.369721617973658e-5
25-29,2019,2,2019 Q2,41,396552,1.0339123242349049e-4
25-29,2019,3,2019 Q3,25,398407,6.274990148265467e-5
25-29,2019,4,2019 Q4,31,399766,7.754536403796221e-5
25-29,2020,1,2020 Q1,44,400810,1.097777001571817e-4
25-29,2020,2,2020 Q2,34,401383,8.470712511491519e-5
25-29,2020,3,2020 Q3,48,401147,1.1965688388545844e-4
25-29,2020,4,2020 Q4,31,402196,7.707684810390953e-5
25-29,2021,1,2021 Q1,32,402836,7.943679313666107e-5
25-29,2021,2,2021 Q2,26,403026,6.451196696987291e-5
25-29,2021,3,2021 Q3,29,402458,7.205720845404986e-5
25-29,2021,4,2021 Q4,40,404165,9.896948028651665e-5
25-29,2022,1,2022 Q1,29,406075,7.141537893246321e-5
25-29,2022,2,2022 Q2,33,407065,8.106813408178055e-5
25-29,2022,3,2022 Q3,30,408895,7.336846867777791e-5
25-29,2022,4,2022 Q4,30,409807,7.320519171219622e-5
30-34,2008,1,2008 Q1,66,367679,1.7950440465732336e-4
30-34,2008,2,2008 Q2,60,365342,1.6422968068275753e-4
30-34,2008,3,2008 Q3,49,364410,1.3446392799319447e-4
30-34,2008,4,2008 Q4,67,363658,1.8423903777725224e-4
30-34,2009,1,2009 Q1,53,362079,1.4637689564984437e-4
30-34,2009,2,2009 Q2,58,359386,1.6138636452171204e-4
30-34,2009,3,2009 Q3,57,357933,1.5924768043181265e-4
30-34,2009,4,2009 Q4,53,355638,1.4902794414545128e-4
30-34,2010,1,2010 Q1,48,353369,1.358353449227295e-4
30-34,2010,2,2010 Q2,36,350452,1.0272448152671407e-4
30-34,2010,3,2010 Q3,44,347870,1.2648403139103688e-4
30-34,2010,4,2010 Q4,51,345148,1.4776269890018196e-4
30-34,2011,1,2011 Q1,47,342593,1.3718902604548255e-4
30-34,2011,2,2011 Q2,61,339121,1.7987679913659136e-4
30-34,2011,3,2011 Q3,44,336815,1.306355120763624e-4
30-34,2011,4,2011 Q4,39,335356,1.1629432602965207e-4
30-34,2012,1,2012 Q1,34,333621,1.019120499009355e-4
30-34,2012,2,2012 Q2,42,332070,1.2647935676212847e-4
30-34,2012,3,2012 Q3,33,330806,9.975635266591295e-5
30-34,2012,4,2012 Q4,43,329447,1.3052175311962166e-4
30-34,2013,1,2013 Q1,46,328063,1.4021697052090605e-4
30-34,2013,2,2013 Q2,32,326026,9.815168115426377e-5
30-34,2013,3,2013 Q3,41,323784,1.266276282954068e-4
30-34,2013,4,2013 Q4,28,322724,8.676144321463542e-5
30-34,2014,1,2014 Q1,41,321890,1.273727049613222e-4
30-34,2014,2,2014 Q2,41,321112,1.2768130745658836e-4
30-34,2014,3,2014 Q3,47,320114,1.4682269441511461e-4
30-34,2014,4,2014 Q4,44,320147,1.374368649401681e-4
30-34,2015,1,2015 Q1,31,319869,9.691467444485087e-5
30-34,2015,2,2015 Q2,33,319497,1.0328735481084329e-4
30-34,2015,3,2015 Q3,30,320428,9.362477686094848e-5
30-34,2015,4,2015 Q4,39,321867,1.2116806009935781e-4
30-34,2016,1,2016 Q1,38,323168,1.1758589959401921e-4
30-34,2016,2,2016 Q2,35,324852,1.0774137145530888e-4
30-34,2016,3,2016 Q3,31,326838,9.484821226417981e-5
30-34,2016,4,2016 Q4,45,328883,1.3682677426318782e-4
30-34,2017,1,2017 Q1,35,330546,1.0588541383045022e-4
30-34,2017,2,2017 Q2,33,332008,9.939519529649888e-5
30-34,2017,3,2017 Q3,27,334050,8.082622361921868e-5
30-34,2017,4,2017 Q4,45,336475,1.337395051638309e-4
30-34,2018,1,2018 Q1,38,337657,1.1254024053995623e-4
30-34,2018,2,2018 Q2,53,340407,1.5569597569967716e-4
30-34,2018,3,2018 Q3,42,342891,1.2248790431944846e-4
30-34,2018,4,2018 Q4,42,346033,1.2137570694124549e-4
30-34,2019,1,2019 Q1,35,348274,1.0049558680808789e-4
30-34,2019,2,2019 Q2,41,350765,1.168873747380725e-4
30-34,2019,3,2019 Q3,40,353743,1.1307644250204244e-4
30-34,2019,4,2019 Q4,34,356645,9.53328940543117e-5
30-34,2020,1,2020 Q1,32,358346,8.929916895960886e-5
30-34,2020,2,2020 Q2,34,361275,9.411113417756556e-5
30-34,2020,3,2020 Q3,35,363060,9.64027984355203e-5
30-34,2020,4,2020 Q4,43,365867,1.1752904744073666e-4
30-34,2021,1,2021 Q1,39,368467,1.0584394260544363e-4
30-34,2021,2,2021 Q2,34,371003,9.16434637994841e-5
30-34,2021,3,2021 Q3,29,373635,7.761585504569968e-5
30-34,2021,4,2021 Q4,35,376176,9.304155501680065e-5
30-34,2022,1,2022 Q1,40,378954,1.0555370836565915e-4
30-34,2022,2,2022 Q2,48,382957,1.2534044292179016e-4
30-34,2022,3,2022 Q3,40,387986,1.0309650348208441e-4
30-34,2022,4,2022 Q4,51,391957,1.3011631377931763e-4
35-39,2008,1,2008 Q1,101,386883,2.610608375141839e-4
35-39,2008,2,2008 Q2,87,386329,2.2519665880635416e-4
35-39,2008,3,2008 Q3,89,385970,2.305878695235381e-4
35-39,2008,4,2008 Q4,83,386455,2.1477274197513293e-4
35-39,2009,1,2009 Q1,99,386227,2.56325943033501e-4
35-39,2009,2,2009 Q2,86,386521,2.2249761332501986e-4
35-39,2009,3,2009 Q3,73,386503,1.888730488508498e-4
35-39,2009,4,2009 Q4,94,387289,2.4271280619898836e-4
35-39,2010,1,2010 Q1,80,387393,2.065086359330189e-4
35-39,2010,2,2010 Q2,97,388609,2.4960821802891855e-4
35-39,2010,3,2010 Q3,71,389141,1.8245314680282983e-4
35-39,2010,4,2010 Q4,61,389917,1.564435508069666e-4
35-39,2011,1,2011 Q1,81,389788,2.078052685049309e-4
35-39,2011,2,2011 Q2,73,389343,1.874953447217492e-4
35-39,2011,3,2011 Q3,72,387575,1.8577049603302586e-4
35-39,2011,4,2011 Q4,81,385463,2.101369002991208e-4
35-39,2012,1,2012 Q1,57,382415,1.490527306721755e-4
35-39,2012,2,2012 Q2,79,379706,2.0805570625694617e-4
35-39,2012,3,2012 Q3,71,376280,1.8868927394493463e-4
35-39,2012,4,2012 Q4,56,373792,1.4981594041606027e-4
35-39,2013,1,2013 Q1,79,371971,2.1238214807068294e-4
35-39,2013,2,2013 Q2,67,369797,1.8118048550961745e-4
35-39,2013,3,2013 Q3,55,368729,1.49161036967529e-4
35-39,2013,4,2013 Q4,62,367565,1.686776488512236e-4
35-39,2014,1,2014 Q1,66,365935,1.8035989998223728e-4
35-39,2014,2,2014 Q2,62,363846,1.7040176338340947e-4
35-39,2014,3,2014 Q3,67,362787,1.8468136950883026e-4
35-39,2014,4,2014 Q4,67,360838,1.856788919127143e-4
35-39,2015,1,2015 Q1,49,358865,1.3654159642205286e-4
35-39,2015,2,2015 Q2,46,356771,1.2893424633728638e-4
35-39,2015,3,2015 Q3,63,354977,1.7747628719607186e-4
35-39,2015,4,2015 Q4,64,352700,1.8145732917493622e-4
35-39,2016,1,2016 Q1,65,350425,1.854890490119141e-4
35-39,2016,2,2016 Q2,60,347482,1.7267081460334635e-4
35-39,2016,3,2016 Q3,52,345683,1.5042683614756872e-4
35-39,2016,4,2016 Q4,61,344633,1.7699988103286684e-4
35-39,2017,1,2017 Q1,57,343423,1.6597607032726406e-4
35-39,2017,2,2017 Q2,61,342169,1.7827447840102406e-4
35-39,2017,3,2017 Q3,47,341094,1.3779192832474334e-4
35-39,2017,4,2017 Q4,53,340199,1.557911692862119e-4
35-39,2018,1,2018 Q1,51,339008,1.5043892769492167e-4
35-39,2018,2,2018 Q2,63,337346,1.8675188085822864e-4
35-39,2018,3,2018 Q3,46,335028,1.3730195685136764e-4
35-39,2018,4,2018 Q4,68,333951,2.0362268716069123e-4
35-39,2019,1,2019 Q1,52,332887,1.5620916407069066e-4
35-39,2019,2,2019 Q2,47,331886,1.416148918604581e-4
35-39,2019,3,2019 Q3,64,330505,1.9364306137577343e-4
35-39,2019,4,2019 Q4,50,329704,1.5165117802635092e-4
35-39,2020,1,2020 Q1,53,328462,1.6135808708465514e-4
35-39,2020,2,2020 Q2,56,327247,1.7112456340317864e-4
35-39,2020,3,2020 Q3,62,326767,1.8973764180593513e-4
35-39,2020,4,2020 Q4,59,327558,1.8012077250441144e-4
35-39,2021,1,2021 Q1,56,328212,1.7062142761385934e-4
35-39,2021,2,2021 Q2,53,329367,1.6091472430449923e-4
35-39,2021,3,2021 Q3,48,331017,1.450076582169496e-4
35-39,2021,4,2021 Q4,47,332835,1.412111106103625e-4
35-39,2022,1,2022 Q1,58,334816,1.7322947529389276e-4
35-39,2022,2,2022 Q2,42,336305,0.00012488663564324051
35-39,2022,3,2022 Q3,50,340964,1.4664304735983858e-4
35-39,2022,4,2022 Q4,56,343790,1.6289013642048925e-4
40-44,2008,1,2008 Q1,159,428922,3.7069677004210555e-4
40-44,2008,2,2008 Q2,156,428613,3.6396469542454384e-4
40-44,2008,3,2008 Q3,174,427749,4.067806119944173e-4
40-44,2008,4,2008 Q4,158,426258,3.7066752999357196e-4
40-44,2009,1,2009 Q1,156,424392,3.675846858564723e-4
40-44,2009,2,2009 Q2,143,421879,3.389597491223787e-4
40-44,2009,3,2009 Q3,151,420042,3.594878607377358e-4
40-44,2009,4,2009 Q4,156,417641,3.7352654552594213e-4
40-44,2010,1,2010 Q1,172,414573,4.1488471270439704e-4
40-44,2010,2,2010 Q2,145,411469,3.5239592776126514e-4
40-44,2010,3,2010 Q3,131,409070,3.202385899723764e-4
40-44,2010,4,2010 Q4,135,406246,3.323109642925715e-4
40-44,2011,1,2011 Q1,147,403306,3.6448751072386726e-4
40-44,2011,2,2011 Q2,134,399928,3.350603108559541e-4
40-44,2011,3,2011 Q3,137,397530,3.446280783840213e-4
40-44,2011,4,2011 Q4,100,395070,2.5311970030627483e-4
40-44,2012,1,2012 Q1,122,392184,3.110784733696428e-4
40-44,2012,2,2012 Q2,129,390684,3.301901280830543e-4
40-44,2012,3,2012 Q3,105,390397,2.689569848128956e-4
40-44,2012,4,2012 Q4,125,389774,3.206986612755084e-4
40-44,2013,1,2013 Q1,122,388543,3.1399356055829085e-4
40-44,2013,2,2013 Q2,119,387908,3.06773771100364e-4
40-44,2013,3,2013 Q3,102,387391,2.632998701570248e-4
40-44,2013,4,2013 Q4,121,387584,3.121903896961691e-4
40-44,2014,1,2014 Q1,108,387330,2.7883200371776006e-4
40-44,2014,2,2014 Q2,120,387852,3.0939636768664337e-4
40-44,2014,3,2014 Q3,106,388216,2.730438724833598e-4
40-44,2014,4,2014 Q4,107,389203,2.749207996855112e-4
40-44,2015,1,2015 Q1,108,389604,2.7720454615455693e-4
40-44,2015,2,2015 Q2,107,391155,2.7354884892178294e-4
40-44,2015,3,2015 Q3,107,392173,2.72838772684504e-4
40-44,2015,4,2015 Q4,108,393378,2.745450940316947e-4
40-44,2016,1,2016 Q1,110,393520,2.795283594226469e-4
40-44,2016,2,2016 Q2,101,393517,2.5665981393434084e-4
40-44,2016,3,2016 Q3,110,392267,2.804212436937086e-4
40-44,2016,4,2016 Q4,91,390701,2.329146841190578e-4
40-44,2017,1,2017 Q1,100,387871,2.578176764955359e-4
40-44,2017,2,2017 Q2,91,385523,2.3604298576219835e-4
40-44,2017,3,2017 Q3,88,382269,2.3020438487034e-4
40-44,2017,4,2017 Q4,91,380053,2.3944028859132805e-4
40-44,2018,1,2018 Q1,98,378255,2.5908448004652947e-4
40-44,2018,2,2018 Q2,105,376303,2.7903046215416833e-4
40-44,2018,3,2018 Q3,96,375371,2.557469809868104e-4
40-44,2018,4,2018 Q4,98,374403,2.6175003939605184e-4
40-44,2019,1,2019 Q1,88,372565,2.3620039456202272e-4
40-44,2019,2,2019 Q2,87,370275,2.3496050232934982e-4
40-44,2019,3,2019 Q3,73,368941,1.9786361504956076e-4
40-44,2019,4,2019 Q4,74,366721,2.017882804638949e-4
40-44,2020,1,2020 Q1,91,364159,2.498908443839092e-4
40-44,2020,2,2020 Q2,88,361411,2.434900985304819e-4
40-44,2020,3,2020 Q3,81,358871,2.257078448801937e-4
40-44,2020,4,2020 Q4,92,356420,2.58122439818192e-4
40-44,2021,1,2021 Q1,90,353820,2.5436662709852465e-4
40-44,2021,2,2021 Q2,82,350778,2.337660856724196e-4
40-44,2021,3,2021 Q3,74,348710,2.1221071950904764e-4
40-44,2021,4,2021 Q4,83,347625,2.3876303487953973e-4
40-44,2022,1,2022 Q1,91,346545,2.6259215974837324e-4
40-44,2022,2,2022 Q2,85,345736,2.45852326630724e-4
40-44,2022,3,2022 Q3,94,346568,2.7123104268137854e-4
40-44,2022,4,2022 Q4,91,346037,2.6297765845848854e-4
45-49,2008,1,2008 Q1,260,379282,6.855057714312833e-4
45-49,2008,2,2008 Q2,271,380937,7.114037229253131e-4
45-49,2008,3,2008 Q3,242,383214,6.315009368133732e-4
45-49,2008,4,2008 Q4,247,386716,6.387116126563162e-4
45-49,2009,1,2009 Q1,264,388735,6.79125882670714e-4
45-49,2009,2,2009 Q2,247,391317,6.312018133635901e-4
45-49,2009,3,2009 Q3,229,394023,5.81184347106641e-4
45-49,2009,4,2009 Q4,224,396964,5.642829072661501e-4
45-49,2010,1,2010 Q1,254,399835,6.352620455938074e-4
45-49,2010,2,2010 Q2,242,402094,6.018493188159982e-4
45-49,2010,3,2010 Q3,243,404521,6.007104699137992e-4
45-49,2010,4,2010 Q4,248,407356,6.088040927346105e-4
45-49,2011,1,2011 Q1,237,409904,5.781841601936064e-4
45-49,2011,2,2011 Q2,250,413067,6.052286917134508e-4
45-49,2011,3,2011 Q3,204,416527,4.897641689494319e-4
45-49,2011,4,2011 Q4,286,419956,6.810237262951357e-4
45-49,2012,1,2012 Q1,246,422591,5.821231403413703e-4
45-49,2012,2,2012 Q2,221,424357,5.207879214906317e-4
45-49,2012,3,2012 Q3,234,425853,5.49485385802143e-4
45-49,2012,4,2012 Q4,223,426667,5.226558416751237e-4
45-49,2013,1,2013 Q1,222,427351,5.194793038977328e-4
45-49,2013,2,2013 Q2,209,426916,4.895576647396678e-4
45-49,2013,3,2013 Q3,199,425944,4.671975658772045e-4
45-49,2013,4,2013 Q4,223,424413,5.254315961103925e-4
45-49,2014,1,2014 Q1,196,422425,4.6398769012250695e-4
45-49,2014,2,2014 Q2,205,420267,4.877851461094971e-4
45-49,2014,3,2014 Q3,219,418666,5.2309000492039e-4
45-49,2014,4,2014 Q4,212,416356,5.091796443428221e-4
45-49,2015,1,2015 Q1,204,413604,4.932254040096324e-4
45-49,2015,2,2015 Q2,201,410859,4.892189291216695e-4
45-49,2015,3,2015 Q3,198,408841,4.84295850954283e-4
45-49,2015,4,2015 Q4,193,406286,4.7503482768296225e-4
45-49,2016,1,2016 Q1,211,403639,5.22744333426651e-4
45-49,2016,2,2016 Q2,168,400729,4.1923594249480324e-4
45-49,2016,3,2016 Q3,182,398766,4.564080187378061e-4
45-49,2016,4,2016 Q4,190,396538,4.791470174359078e-4
45-49,2017,1,2017 Q1,169,393841,4.291071777697091e-4
45-49,2017,2,2017 Q2,188,392663,4.7878205993434576e-4
45-49,2017,3,2017 Q3,173,392600,4.4065206316861946e-4
45-49,2017,4,2017 Q4,181,392275,4.614109999362692e-4
45-49,2018,1,2018 Q1,174,391089,4.449115163044729e-4
45-49,2018,2,2018 Q2,149,390702,3.813648253656239e-4
45-49,2018,3,2018 Q3,148,390385,3.79112926982338e-4
45-49,2018,4,2018 Q4,178,390629,4.55675333884581e-4
45-49,2019,1,2019 Q1,177,390083,4.537495866264359e-4
45-49,2019,2,2019 Q2,135,390585,3.456353930642498e-4
45-49,2019,3,2019 Q3,154,390895,3.939676895329948e-4
45-49,2019,4,2019 Q4,165,391815,4.211171088396309e-4
45-49,2020,1,2020 Q1,163,391889,4.159341037895935e-4
45-49,2020,2,2020 Q2,157,393310,3.991762223182731e-4
45-49,2020,3,2020 Q3,123,393692,3.124269733700456e-4
45-49,2020,4,2020 Q4,164,394871,4.153255113695359e-4
45-49,2021,1,2021 Q1,131,395004,3.3164221121811423e-4
45-49,2021,2,2021 Q2,166,394951,4.2030530369590154e-4
45-49,2021,3,2021 Q3,178,393749,4.520646401641655e-4
45-49,2021,4,2021 Q4,164,392191,4.1816359885871933e-4
45-49,2022,1,2022 Q1,177,389706,4.541885421317609e-4
45-49,2022,2,2022 Q2,150,387422,3.871747087155608e-4
45-49,2022,3,2022 Q3,128,385328,3.3218452850558485e-4
45-49,2022,4,2022 Q4,140,383508,3.6505105499754897e-4
50-54,2008,1,2008 Q1,429,362757,0.00118260984626072
50-54,2008,2,2008 Q2,407,362548,0.0011226099716451338
50-54,2008,3,2008 Q3,380,362645,0.001047856719381213
50-54,2008,4,2008 Q4,426,362202,0.0011761392813954643
50-54,2009,1,2009 Q1,420,363110,0.001156674286029027
50-54,2009,2,2009 Q2,407,363394,0.0011199964776523552
50-54,2009,3,2009 Q3,339,363425,9.327921854577973e-4
50-54,2009,4,2009 Q4,432,363925,0.0011870577728927663
50-54,2010,1,2010 Q1,420,364297,0.0011529054590073485
50-54,2010,2,2010 Q2,406,364686,0.0011132864985220162
50-54,2010,3,2010 Q3,412,365305,0.0011278246944334187
50-54,2010,4,2010 Q4,390,366460,0.0010642362058614855
50-54,2011,1,2011 Q1,421,367225,0.0011464361086527333
50-54,2011,2,2011 Q2,329,367280,8.957743411021564e-4
50-54,2011,3,2011 Q3,360,367878,9.785852918630634e-4
50-54,2011,4,2011 Q4,339,368362,9.202903665416085e-4
50-54,2012,1,2012 Q1,386,369277,0.0010452857881752722
50-54,2012,2,2012 Q2,364,370690,9.819525749278372e-4
50-54,2012,3,2012 Q3,337,372104,9.056607830069013e-4
50-54,2012,4,2012 Q4,345,373509,9.236725219472623e-4
50-54,2013,1,2013 Q1,383,374370,0.0010230520607954698
50-54,2013,2,2013 Q2,341,375937,9.070668755669168e-4
50-54,2013,3,2013 Q3,342,378222,9.042308485492647e-4
50-54,2013,4,2013 Q4,331,381494,8.676414307957661e-4
50-54,2014,1,2014 Q1,351,383496,9.152637837161274e-4
50-54,2014,2,2014 Q2,322,386213,8.337368239805496e-4
50-54,2014,3,2014 Q3,334,389010,8.585897534767743e-4
50-54,2014,4,2014 Q4,334,392068,8.51893038962629e-4
50-54,2015,1,2015 Q1,379,395097,9.592581062372025e-4
50-54,2015,2,2015 Q2,297,397524,7.471247019047906e-4
50-54,2015,3,2015 Q3,344,400219,8.59529407649312e-4
50-54,2015,4,2015 Q4,353,403135,8.756371934959753e-4
50-54,2016,1,2016 Q1,352,405774,8.674779557093357e-4
50-54,2016,2,2016 Q2,297,409070,7.260371085633265e-4
50-54,2016,3,2016 Q3,317,412833,7.678649720346968e-4
50-54,2016,4,2016 Q4,340,416505,8.16316730891586e-4
50-54,2017,1,2017 Q1,345,419493,8.224213514885826e-4
50-54,2017,2,2017 Q2,321,421402,7.617429437923882e-4
50-54,2017,3,2017 Q3,304,423077,7.185453239008502e-4
50-54,2017,4,2017 Q4,324,424221,7.63752855233475e-4
50-54,2018,1,2018 Q1,347,425011,8.164494566022997e-4
50-54,2018,2,2018 Q2,321,424763,7.55715540195356e-4
50-54,2018,3,2018 Q3,314,424108,7.403774510266253e-4
50-54,2018,4,2018 Q4,290,422570,6.862768298743403e-4
50-54,2019,1,2019 Q1,336,420781,7.985151420810351e-4
50-54,2019,2,2019 Q2,301,418635,7.190034278070395e-4
50-54,2019,3,2019 Q3,295,417018,7.07403517354167e-4
50-54,2019,4,2019 Q4,283,414671,6.824687523361894e-4
50-54,2020,1,2020 Q1,304,411906,7.380324637174501e-4
50-54,2020,2,2020 Q2,272,408986,6.650594396874221e-4
50-54,2020,3,2020 Q3,264,406807,6.489563847229768e-4
50-54,2020,4,2020 Q4,268,404197,6.630430211010968e-4
50-54,2021,1,2021 Q1,273,401646,6.797030220642057e-4
50-54,2021,2,2021 Q2,259,398840,6.493832113128071e-4
50-54,2021,3,2021 Q3,250,396955,6.297943091786223e-4
50-54,2021,4,2021 Q4,266,394818,6.737281481594051e-4
50-54,2022,1,2022 Q1,289,392510,7.36286973580291e-4
50-54,2022,2,2022 Q2,234,391520,5.976706170821414e-4
50-54,2022,3,2022 Q3,271,392343,6.907221487321043e-4
50-54,2022,4,2022 Q4,259,392166,6.604346118735434e-4
55-59,2008,1,2008 Q1,615,355236,0.0017312434550552308
55-59,2008,2,2008 Q2,551,353976,0.001556602707528194
55-59,2008,3,2008 Q3,599,353304,0.0016954237710300477
55-59,2008,4,2008 Q4,616,352417,0.0017479292996648856
55-59,2009,1,2009 Q1,664,351519,0.0018889448365522205
55-59,2009,2,2009 Q2,561,350949,0.0015985228622962312
55-59,2009,3,2009 Q3,618,350511,0.0017631401011665826
55-59,2009,4,2009 Q4,597,350284,0.0017043313425677451
55-59,2010,1,2010 Q1,582,350004,0.0016628381389926972
55-59,2010,2,2010 Q2,616,349518,0.0017624271139111576
55-59,2010,3,2010 Q3,590,349290,0.001689140828537891
55-59,2010,4,2010 Q4,614,349360,0.0017574994275246164
55-59,2011,1,2011 Q1,608,349543,0.001739414034896994
55-59,2011,2,2011 Q2,552,349757,0.0015782386056605014
55-59,2011,3,2011 Q3,532,350093,0.00151959622157541
55-59,2011,4,2011 Q4,559,351736,0.0015892601269133669
55-59,2012,1,2012 Q1,624,352243,0.001771504330817078
55-59,2012,2,2012 Q2,550,352395,0.0015607485917791114
55-59,2012,3,2012 Q3,548,352831,0.0015531515087959958
55-59,2012,4,2012 Q4,519,353592,0.0014677933889907012
55-59,2013,1,2013 Q1,628,353381,0.0017771187471878793
55-59,2013,2,2013 Q2,553,353198,0.0015656940299775197
55-59,2013,3,2013 Q3,500,353424,0.0014147313142288016
55-59,2013,4,2013 Q4,499,353007,0.0014135697025838014
55-59,2014,1,2014 Q1,534,354046,0.0015082785852685808
55-59,2014,2,2014 Q2,517,354542,0.0014582193364960992
55-59,2014,3,2014 Q3,460,354671,0.0012969766346839747
55-59,2014,4,2014 Q4,524,355276,0.0014749096477105123
55-59,2015,1,2015 Q1,522,355781,0.001467194706856184
55-59,2015,2,2015 Q2,494,356370,0.0013861997362292
55-59,2015,3,2015 Q3,507,357289,0.001419019337287182
55-59,2015,4,2015 Q4,490,358510,0.001366768012049873
55-59,2016,1,2016 Q1,557,359474,0.0015494861937163744
55-59,2016,2,2016 Q2,480,359741,0.0013342932832232078
55-59,2016,3,2016 Q3,502,360593,0.0013921512619490671
55-59,2016,4,2016 Q4,534,361224,0.0014783070892299514
55-59,2017,1,2017 Q1,503,362210,0.0013886971646282543
55-59,2017,2,2017 Q2,480,363679,0.001319845248144655
55-59,2017,3,2017 Q3,474,365147,0.001298107337592805
55-59,2017,4,2017 Q4,458,366689,0.0012490148327329153
55-59,2018,1,2018 Q1,547,367613,0.0014879778462676782
55-59,2018,2,2018 Q2,470,369198,0.0012730296480479308
55-59,2018,3,2018 Q3,490,371594,0.001318643465717961
55-59,2018,4,2018 Q4,491,374961,0.0013094695181632224
55-59,2019,1,2019 Q1,488,376994,0.0012944503095539983
55-59,2019,2,2019 Q2,444,379686,0.0011693873358512034
55-59,2019,3,2019 Q3,480,382640,0.0012544428183148652
55-59,2019,4,2019 Q4,429,385674,0.0011123383997884222
55-59,2020,1,2020 Q1,464,388538,0.0011942203851360743
55-59,2020,2,2020 Q2,444,391088,0.0011352943583029906
55-59,2020,3,2020 Q3,473,393764,0.0012012271309718512
55-59,2020,4,2020 Q4,457,396816,0.0011516672714809886
55-59,2021,1,2021 Q1,469,399520,0.0011739086904285143
55-59,2021,2,2021 Q2,474,402908,0.001176447228647731
55-59,2021,3,2021 Q3,464,406577,0.0011412352395733158
55-59,2021,4,2021 Q4,513,410269,0.001250399128376748
55-59,2022,1,2022 Q1,494,413339,0.00119514490527146
55-59,2022,2,2022 Q2,462,415475,0.0011119802635537637
55-59,2022,3,2022 Q3,459,418126,0.0010977552221100816
55-59,2022,4,2022 Q4,456,419489,0.0010870368472117265
60-64,2008,1,2008 Q1,1065,374291,0.0028453796644856543
60-64,2008,2,2008 Q2,1002,376577,0.0026608104053088746
60-64,2008,3,2008 Q3,896,377766,0.0023718386514403095
60-64,2008,4,2008 Q4,1007,378176,0.002662781350482315
60-64,2009,1,2009 Q1,1040,378062,0.00275087155016902
60-64,2009,2,2009 Q2,961,376983,0.0025491865680945824
60-64,2009,3,2009 Q3,991,376280,0.0026336770490060593
60-64,2009,4,2009 Q4,980,374353,0.002617849997195161
60-64,2010,1,2010 Q1,948,372657,0.00254389425128201
60-64,2010,2,2010 Q2,933,370824,0.002516018380687334
60-64,2010,3,2010 Q3,914,369012,0.002476884220567353
60-64,2010,4,2010 Q4,913,366453,0.002491451836934068
60-64,2011,1,2011 Q1,900,363928,0.0024730166406541952
60-64,2011,2,2011 Q2,830,360530,0.002302166255235348
60-64,2011,3,2011 Q3,817,356791,0.0022898559660977993
60-64,2011,4,2011 Q4,850,353147,0.0024069296921678507
60-64,2012,1,2012 Q1,826,350853,0.0023542623263874043
60-64,2012,2,2012 Q2,784,347601,0.0022554595642705288
60-64,2012,3,2012 Q3,749,344428,0.0021746199495975937
60-64,2012,4,2012 Q4,835,342030,0.002441306318159226
60-64,2013,1,2013 Q1,848,341481,0.002483300681443477
60-64,2013,2,2013 Q2,805,340314,0.002365462484646532
60-64,2013,3,2013 Q3,774,339621,0.002279011015219907
60-64,2013,4,2013 Q4,742,338753,0.0021903865058021626
60-64,2014,1,2014 Q1,836,337982,0.0024735045061571328
60-64,2014,2,2014 Q2,798,337510,0.0023643743889069954
60-64,2014,3,2014 Q3,758,337073,0.0022487710377277325
60-64,2014,4,2014 Q4,785,336985,0.002329480540676885
60-64,2015,1,2015 Q1,841,336817,0.0024969048474394106
60-64,2015,2,2015 Q2,752,336320,0.002235965746907707
60-64,2015,3,2015 Q3,745,336276,0.0022154420773412317
60-64,2015,4,2015 Q4,790,336545,0.0023473829651309633
60-64,2016,1,2016 Q1,789,336859,0.002342226272713509
60-64,2016,2,2016 Q2,779,337125,0.002310715609936967
60-64,2016,3,2016 Q3,746,337548,0.0022100560512875204
60-64,2016,4,2016 Q4,790,339257,0.0023286181272604545
60-64,2017,1,2017 Q1,776,339856,0.0022833199943505483
60-64,2017,2,2017 Q2,723,340212,0.0021251454975133154
60-64,2017,3,2017 Q3,669,340822,0.001962901455891932
60-64,2017,4,2017 Q4,749,341682,0.0021920967449265694
60-64,2018,1,2018 Q1,805,341595,0.0023565918704899075
60-64,2018,2,2018 Q2,749,341649,0.0021923084803409346
60-64,2018,3,2018 Q3,715,341937,0.0020910284643077524
60-64,2018,4,2018 Q4,652,341613,0.0019085924715979779
60-64,2019,1,2019 Q1,804,342670,0.0023462806782035195
60-64,2019,2,2019 Q2,696,343158,0.0020282202367422585
60-64,2019,3,2019 Q3,690,343324,0.0020097633722081765
60-64,2019,4,2019 Q4,770,343995,0.0022384046279742436
60-64,2020,1,2020 Q1,728,344371,0.0021139991462695755
60-64,2020,2,2020 Q2,697,344970,0.002020465547728788
60-64,2020,3,2020 Q3,675,345858,0.0019516680256058845
60-64,2020,4,2020 Q4,706,347147,0.0020337205852275836
60-64,2021,1,2021 Q1,736,348114,0.0021142499296207566
60-64,2021,2,2021 Q2,648,348469,0.0018595628305530766
60-64,2021,3,2021 Q3,666,349439,0.00190591204759629
60-64,2021,4,2021 Q4,797,350143,0.0022762128616022597
60-64,2022,1,2022 Q1,726,351258,0.0020668568402712538
60-64,2022,2,2022 Q2,704,352899,0.0019949050578210764
60-64,2022,3,2022 Q3,637,355395,0.0017923718679216083
60-64,2022,4,2022 Q4,719,357206,0.002012844129157965
65-69,2008,1,2008 Q1,1131,266478,0.00424425280886227
65-69,2008,2,2008 Q2,1134,269168,0.004212982226713428
65-69,2008,3,2008 Q3,1064,272590,0.003903297993323306
65-69,2008,4,2008 Q4,1183,276569,0.004277413592991261
65-69,2009,1,2009 Q1,1194,280068,0.0042632503534855825
65-69,2009,2,2009 Q2,1120,285085,0.003928652857919568
65-69,2009,3,2009 Q3,1049,289525,0.0036231758915464987
65-69,2009,4,2009 Q4,1216,294443,0.0041298315803058655
65-69,2010,1,2010 Q1,1197,298841,0.004005474483086324
65-69,2010,2,2010 Q2,1183,303703,0.003895252928025077
65-69,2010,3,2010 Q3,1116,309047,0.003611101224085657
65-69,2010,4,2010 Q4,1205,313916,0.0038386065061991105
65-69,2011,1,2011 Q1,1266,318797,0.003971179151623133
65-69,2011,2,2011 Q2,1143,325272,0.0035139821441747213
65-69,2011,3,2011 Q3,1151,331398,0.0034731651971345633
65-69,2011,4,2011 Q4,1213,335943,0.0036107315824410687
65-69,2012,1,2012 Q1,1302,339865,0.003830932870404425
65-69,2012,2,2012 Q2,1269,344610,0.003682423609297467
65-69,2012,3,2012 Q3,1181,348453,0.003389266271204438
65-69,2012,4,2012 Q4,1292,350623,0.003684869503711964
65-69,2013,1,2013 Q1,1339,352035,0.0038035990739557148
65-69,2013,2,2013 Q2,1250,354376,0.003527326907014019
65-69,2013,3,2013 Q3,1124,355635,0.0031605438159911146
65-69,2013,4,2013 Q4,1207,356239,0.003388174792765531
65-69,2014,1,2014 Q1,1273,356312,0.0035727115561642606
65-69,2014,2,2014 Q2,1244,355497,0.003499326295299257
65-69,2014,3,2014 Q3,1156,354997,0.0032563655467510995
65-69,2014,4,2014 Q4,1224,353406,0.0034634386512962427
65-69,2015,1,2015 Q1,1257,351880,0.0035722405365465498
65-69,2015,2,2015 Q2,1150,350352,0.003282413115951957
65-69,2015,3,2015 Q3,1107,348875,0.0031730562522393406
65-69,2015,4,2015 Q4,1160,346607,0.0033467298698525998
65-69,2016,1,2016 Q1,1266,344348,0.003676513294690255
65-69,2016,2,2016 Q2,1096,341253,0.0032116933770545606
65-69,2016,3,2016 Q3,1059,337893,0.0031341282595377827
65-69,2016,4,2016 Q4,1153,334447,0.0034474819627624107
65-69,2017,1,2017 Q1,1132,332296,0.0034066013433806004
65-69,2017,2,2017 Q2,1017,329165,0.003089635896890617
65-69,2017,3,2017 Q3,992,326319,0.0030399700906168503
65-69,2017,4,2017 Q4,1082,324101,0.00333846547835397
65-69,2018,1,2018 Q1,1198,323628,0.003701781057263278
65-69,2018,2,2018 Q2,1026,322503,0.0031813657547371654
65-69,2018,3,2018 Q3,1080,321932,0.0033547457226992036
65-69,2018,4,2018 Q4,1070,321044,0.003332876490449907
65-69,2019,1,2019 Q1,1173,320259,0.0036626605341301883
65-69,2019,2,2019 Q2,1088,319747,0.003402690251980472
65-69,2019,3,2019 Q3,985,319425,0.003083665962275965
65-69,2019,4,2019 Q4,1145,319431,0.003584498686727337
65-69,2020,1,2020 Q1,1122,319275,0.0035142118863049094
65-69,2020,2,2020 Q2,1010,318781,0.0031683193163958958
65-69,2020,3,2020 Q3,1004,318763,0.0031496754642163613
65-69,2020,4,2020 Q4,1094,319115,0.003428231201917804
65-69,2021,1,2021 Q1,1083,319469,0.003390000281717475
65-69,2021,2,2021 Q2,993,319877,0.003104318222316703
65-69,2021,3,2021 Q3,1042,320427,0.0032519107316174977
65-69,2021,4,2021 Q4,1118,322091,0.0034710687352332106
65-69,2022,1,2022 Q1,1185,322692,0.00367223234539437
65-69,2022,2,2022 Q2,1073,323073,0.0033212308054216847
65-69,2022,3,2022 Q3,1059,324436,0.0032641260525958895
65-69,2022,4,2022 Q4,1169,325401,0.003592490496341437
70-74,2008,1,2008 Q1,1392,204027,0.006822626417091856
70-74,2008,2,2008 Q2,1402,206117,0.0068019619924605925
70-74,2008,3,2008 Q3,1295,208317,0.006216487372610013
70-74,2008,4,2008 Q4,1429,209687,0.006814919379837568
70-74,2009,1,2009 Q1,1518,211089,0.007191279507695806
70-74,2009,2,2009 Q2,1285,212035,0.0060603202301506825
70-74,2009,3,2009 Q3,1263,214093,0.00589930544202753
70-74,2009,4,2009 Q4,1400,215823,0.006486797051287398
70-74,2010,1,2010 Q1,1488,216868,0.006861316561226184
70-74,2010,2,2010 Q2,1378,218822,0.006297355841734378
70-74,2010,3,2010 Q3,1327,220491,0.006018386237987038
70-74,2010,4,2010 Q4,1421,222336,0.006391227691421992
70-74,2011,1,2011 Q1,1390,223846,0.006209626260911519
70-74,2011,2,2011 Q2,1298,225212,0.005763458430279026
70-74,2011,3,2011 Q3,1320,226853,0.005818746060224022
70-74,2011,4,2011 Q4,1385,228907,0.006050492121254483
70-74,2012,1,2012 Q1,1369,230590,0.005936944360119693
70-74,2012,2,2012 Q2,1382,233047,0.005930134264762044
70-74,2012,3,2012 Q3,1270,235828,0.005385280797869634
70-74,2012,4,2012 Q4,1408,239485,0.005879282627304424
70-74,2013,1,2013 Q1,1481,241994,0.006119986445944941
70-74,2013,2,2013 Q2,1342,244531,0.0054880567290036845
70-74,2013,3,2013 Q3,1302,248031,0.005249343832020997
70-74,2013,4,2013 Q4,1353,251869,0.005371840123238668
70-74,2014,1,2014 Q1,1341,255367,0.005251265825263249
70-74,2014,2,2014 Q2,1430,260328,0.005493070280569128
70-74,2014,3,2014 Q3,1399,264646,0.0052863069912260155
70-74,2014,4,2014 Q4,1455,269253,0.005403839511537476
70-74,2015,1,2015 Q1,1592,273446,0.005821990447839793
70-74,2015,2,2015 Q2,1554,278025,0.005589425411383868
70-74,2015,3,2015 Q3,1385,283071,0.004892765419276436
70-74,2015,4,2015 Q4,1542,287851,0.0053569381381339655
70-74,2016,1,2016 Q1,1630,292443,0.0055737357365366925
70-74,2016,2,2016 Q2,1527,298520,0.005115235160123275
70-74,2016,3,2016 Q3,1496,304277,0.004916572728139163
70-74,2016,4,2016 Q4,1621,308693,0.005251171876265416
70-74,2017,1,2017 Q1,1743,312288,0.005581386412542268
70-74,2017,2,2017 Q2,1600,316791,0.005050648534838427
70-74,2017,3,2017 Q3,1625,320620,0.005068305158754912
70-74,2017,4,2017 Q4,1660,322735,0.00514353881667622
70-74,2018,1,2018 Q1,1786,324093,0.005510763885674791
70-74,2018,2,2018 Q2,1642,326275,0.005032564554440273
70-74,2018,3,2018 Q3,1654,327607,0.0050487321699475285
70-74,2018,4,2018 Q4,1637,328181,0.00498810107836834
70-74,2019,1,2019 Q1,1734,328265,0.005282317639711818
70-74,2019,2,2019 Q2,1609,327661,0.004910563051446465
70-74,2019,3,2019 Q3,1550,327384,0.004734501380641693
70-74,2019,4,2019 Q4,1614,325935,0.004951907588936444
70-74,2020,1,2020 Q1,1669,324554,0.005142441627587397
70-74,2020,2,2020 Q2,1581,323286,0.004890406636847869
70-74,2020,3,2020 Q3,1492,322028,0.004633137491149838
70-74,2020,4,2020 Q4,1641,319987,0.005128333338541878
70-74,2021,1,2021 Q1,1639,317771,0.0051578023167627
70-74,2021,2,2021 Q2,1618,314988,0.005136703620455383
70-74,2021,3,2021 Q3,1601,311905,0.0051329731809365035
70-74,2021,4,2021 Q4,1655,308694,0.00536129629989569
70-74,2022,1,2022 Q1,1663,306526,0.005425314655200538
70-74,2022,2,2022 Q2,1568,303688,0.005163193804167435
70-74,2022,3,2022 Q3,1486,301309,0.00493181418411
70-74,2022,4,2022 Q4,1631,299146,0.005452187226304213
75-79,2008,1,2008 Q1,2010,157496,0.012762228882003353
75-79,2008,2,2008 Q2,1674,157077,0.010657193605683837
75-79,2008,3,2008 Q3,1681,157178,0.010694880962984642
75-79,2008,4,2008 Q4,1780,157549,0.011298072345746403
75-79,2009,1,2009 Q1,2040,157483,0.012953779138065696
75-79,2009,2,2009 Q2,1707,157818,0.010816256700756567
75-79,2009,3,2009 Q3,1672,158429,0.010553623389657197
75-79,2009,4,2009 Q4,1790,158834,0.011269627409748543
75-79,2010,1,2010 Q1,1869,159640,0.011707592082184916
75-79,2010,2,2010 Q2,1737,160561,0.010818318271560342
75-79,2010,3,2010 Q3,1651,161422,0.010227849983273656
75-79,2010,4,2010 Q4,1787,162407,0.011003220304543523
75-79,2011,1,2011 Q1,1767,162633,0.01086495360720149
75-79,2011,2,2011 Q2,1691,163627,0.010334480250814352
75-79,2011,3,2011 Q3,1622,165202,0.009818283071633516
75-79,2011,4,2011 Q4,1838,166321,0.011050919607265468
75-79,2012,1,2012 Q1,1750,167266,0.010462377291260627
75-79,2012,2,2012 Q2,1707,168208,0.010148149909635688
75-79,2012,3,2012 Q3,1607,170262,0.009438394944262372
75-79,2012,4,2012 Q4,1768,171586,0.010303870945182007
75-79,2013,1,2013 Q1,1925,173089,0.01112144619242124
75-79,2013,2,2013 Q2,1634,174891,0.009342962187877021
75-79,2013,3,2013 Q3,1539,177078,0.00869108528445092
75-79,2013,4,2013 Q4,1586,178554,0.008882466928772249
75-79,2014,1,2014 Q1,1684,180164,0.009347039364134899
75-79,2014,2,2014 Q2,1656,181424,0.009127789046653144
75-79,2014,3,2014 Q3,1648,183441,0.008983814959578285
75-79,2014,4,2014 Q4,1668,185212,0.009005895946266981
75-79,2015,1,2015 Q1,1827,186394,0.009801817655074735
75-79,2015,2,2015 Q2,1590,188408,0.008439132096301644
75-79,2015,3,2015 Q3,1565,190342,0.008222042428891154
75-79,2015,4,2015 Q4,1696,192328,0.00881826879081569
75-79,2016,1,2016 Q1,1810,193873,0.009336008624202441
75-79,2016,2,2016 Q2,1669,195251,0.008547971585292777
75-79,2016,3,2016 Q3,1562,197067,0.007926238284441332
75-79,2016,4,2016 Q4,1816,199200,0.009116465863453816
75-79,2017,1,2017 Q1,1859,200867,0.00925488009478909
75-79,2017,2,2017 Q2,1715,203059,0.008445821165277086
75-79,2017,3,2017 Q3,1621,205833,0.007875316397273518
75-79,2017,4,2017 Q4,1798,209238,0.008593085386019748
75-79,2018,1,2018 Q1,2121,211648,0.010021356214091321
75-79,2018,2,2018 Q2,1748,213870,0.008173189320615327
75-79,2018,3,2018 Q3,1769,217254,0.00814254283005146
75-79,2018,4,2018 Q4,1914,220798,0.00866855678040562
75-79,2019,1,2019 Q1,1961,223793,0.00876256183169268
75-79,2019,2,2019 Q2,1902,228050,0.008340276255207191
75-79,2019,3,2019 Q3,1843,231971,0.007944958637071012
75-79,2019,4,2019 Q4,1929,236215,0.008166289185699468
75-79,2020,1,2020 Q1,2056,239836,0.008572524558448274
75-79,2020,2,2020 Q2,2021,244033,0.008281666823749248
75-79,2020,3,2020 Q3,1907,248614,0.007670525392777559
75-79,2020,4,2020 Q4,2172,252928,0.008587424089068827
75-79,2021,1,2021 Q1,2154,256926,0.008383736951495762
75-79,2021,2,2021 Q2,2096,262485,0.00798521820294493
75-79,2021,3,2021 Q3,2208,267662,0.008249209824330686
75-79,2021,4,2021 Q4,2437,271515,0.00897556304439902
75-79,2022,1,2022 Q1,2513,274510,0.009154493461076099
75-79,2022,2,2022 Q2,2285,278312,0.008210210123889736
75-79,2022,3,2022 Q3,2345,282012,0.008315248996496603
75-79,2022,4,2022 Q4,2516,283912,0.008861900870692328
80-84,2008,1,2008 Q1,2379,118196,0.02012758468983722
80-84,2008,2,2008 Q2,2140,118112,0.01811839609861826
80-84,2008,3,2008 Q3,1978,118245,0.016727980041439383
80-84,2008,4,2008 Q4,2262,118465,0.01909424724602203
80-84,2009,1,2009 Q1,2491,118400,0.02103885135135135
80-84,2009,2,2009 Q2,2184,118196,0.01847778266608007
80-84,2009,3,2009 Q3,2071,118124,0.017532423554908402
80-84,2009,4,2009 Q4,2136,118103,0.01808590806330068
80-84,2010,1,2010 Q1,2318,117547,0.019719771665801765
80-84,2010,2,2010 Q2,2103,117238,0.017937869973899248
80-84,2010,3,2010 Q3,2060,117410,0.01754535388808449
80-84,2010,4,2010 Q4,2161,117300,0.0184228473998295
80-84,2011,1,2011 Q1,2226,117189,0.018994956864552135
80-84,2011,2,2011 Q2,2002,117041,0.017105117010278448
80-84,2011,3,2011 Q3,1854,117219,0.01581654851176004
80-84,2011,4,2011 Q4,2064,117682,0.017538790979079212
80-84,2012,1,2012 Q1,2237,117322,0.01906718262559452
80-84,2012,2,2012 Q2,2026,117587,0.017229795810761395
80-84,2012,3,2012 Q3,1958,117745,0.016629156227440656
80-84,2012,4,2012 Q4,2143,118068,0.018150557305959276
80-84,2013,1,2013 Q1,2469,118170,0.020893627824320894
80-84,2013,2,2013 Q2,1966,117858,0.01668109080418809
80-84,2013,3,2013 Q3,1836,118202,0.015532732102671698
80-84,2013,4,2013 Q4,1999,118894,0.01681329587699968
80-84,2014,1,2014 Q1,2063,119026,0.017332347554315865
80-84,2014,2,2014 Q2,1858,119736,0.01551747177123004
80-84,2014,3,2014 Q3,1880,120511,0.015600235663134485
80-84,2014,4,2014 Q4,1962,121022,0.01621192840971063
80-84,2015,1,2015 Q1,2227,121930,0.018264578036578365
80-84,2015,2,2015 Q2,1904,122768,0.015508927407793562
80-84,2015,3,2015 Q3,1868,123888,0.015078135089758492
80-84,2015,4,2015 Q4,2060,124981,0.016482505340811804
80-84,2016,1,2016 Q1,2223,125369,0.017731656151042125
80-84,2016,2,2016 Q2,1946,126289,0.015409101346910658
80-84,2016,3,2016 Q3,1892,127892,0.014793732211553499
80-84,2016,4,2016 Q4,2033,129178,0.015737973958413972
80-84,2017,1,2017 Q1,2321,130127,0.01783642134222721
80-84,2017,2,2017 Q2,1994,131073,0.015212896630122145
80-84,2017,3,2017 Q3,1914,133147,0.014375089187139027
80-84,2017,4,2017 Q4,2112,134561,0.015695483832611233
80-84,2018,1,2018 Q1,2472,135926,0.018186366110972147
80-84,2018,2,2018 Q2,2143,137459,0.015590103230781542
80-84,2018,3,2018 Q3,2066,139375,0.014823318385650224
80-84,2018,4,2018 Q4,2082,140599,0.014808071181160606
80-84,2019,1,2019 Q1,2256,142088,0.015877484375879738
80-84,2019,2,2019 Q2,2070,143281,0.014447135349418275
80-84,2019,3,2019 Q3,2055,145199,0.014152990034366628
80-84,2019,4,2019 Q4,2246,146911,0.015288167666138002
80-84,2020,1,2020 Q1,2210,147963,0.014936166474050945
80-84,2020,2,2020 Q2,2162,149941,0.014419004808558032
80-84,2020,3,2020 Q3,2082,151685,0.01372581336321983
80-84,2020,4,2020 Q4,2407,153457,0.015685175651811257
80-84,2021,1,2021 Q1,2353,154710,0.015209100898455175
80-84,2021,2,2021 Q2,2108,156000,0.013512820512820514
80-84,2021,3,2021 Q3,2274,157881,0.014403253083018222
80-84,2021,4,2021 Q4,2594,159630,0.016250078306082816
80-84,2022,1,2022 Q1,2605,160839,0.01619632054414663
80-84,2022,2,2022 Q2,2411,162563,0.014831173145180638
80-84,2022,3,2022 Q3,2399,165004,0.014539041477782356
80-84,2022,4,2022 Q4,2661,167858,0.01585268500756592
85-89,2008,1,2008 Q1,2354,70964,0.03317174905585931
85-89,2008,2,2008 Q2,2136,71243,0.029981892957904637
85-89,2008,3,2008 Q3,2047,71741,0.02853319580156396
85-89,2008,4,2008 Q4,2313,72197,0.03203734227183955
85-89,2009,1,2009 Q1,2692,72101,0.0373365140566705
85-89,2009,2,2009 Q2,2136,72157,0.0296021176046676
85-89,2009,3,2009 Q3,2020,72948,0.027690957942644076
85-89,2009,4,2009 Q4,2338,73596,0.031768030871243004
85-89,2010,1,2010 Q1,2512,73344,0.03424956369982548
85-89,2010,2,2010 Q2,2148,72879,0.029473510887910098
85-89,2010,3,2010 Q3,2160,72998,0.029589851776761007
85-89,2010,4,2010 Q4,2310,73166,0.03157204165869393
85-89,2011,1,2011 Q1,2326,72950,0.0318848526387937
85-89,2011,2,2011 Q2,2064,72916,0.028306544516978442
85-89,2011,3,2011 Q3,2033,73215,0.02776753397527829
85-89,2011,4,2011 Q4,2187,73277,0.02984565416160596
85-89,2012,1,2012 Q1,2203,73206,0.030093161762697048
85-89,2012,2,2012 Q2,2086,73234,0.028484037468935193
85-89,2012,3,2012 Q3,1912,73619,0.025971556255857862
85-89,2012,4,2012 Q4,2144,74013,0.0289678840203748
85-89,2013,1,2013 Q1,2604,73881,0.035245868355869577
85-89,2013,2,2013 Q2,2043,73615,0.02775249609454595
85-89,2013,3,2013 Q3,1915,73820,0.02594147927390951
85-89,2013,4,2013 Q4,2107,74151,0.028414991031813462
85-89,2014,1,2014 Q1,2177,74340,0.02928436911487759
85-89,2014,2,2014 Q2,2023,74455,0.027170774293197232
85-89,2014,3,2014 Q3,2042,74703,0.02733491292183714
85-89,2014,4,2014 Q4,2066,74900,0.02758344459279039
85-89,2015,1,2015 Q1,2359,74706,0.03157711562658957
85-89,2015,2,2015 Q2,2085,74458,0.028002363748690536
85-89,2015,3,2015 Q3,1955,74719,0.02616469706500355
85-89,2015,4,2015 Q4,2130,74910,0.028434120945134162
85-89,2016,1,2016 Q1,2301,74925,0.03071071071071071
85-89,2016,2,2016 Q2,2077,74778,0.02777554895824975
85-89,2016,3,2016 Q3,1972,74976,0.026301749893299187
85-89,2016,4,2016 Q4,2116,75335,0.02808787416207606
85-89,2017,1,2017 Q1,2340,75218,0.031109574835810578
85-89,2017,2,2017 Q2,2113,75369,0.028035399169419786
85-89,2017,3,2017 Q3,1962,75517,0.025980904961796683
85-89,2017,4,2017 Q4,2182,75981,0.02871770574222503
85-89,2018,1,2018 Q1,2610,76128,0.0342843631778058
85-89,2018,2,2018 Q2,2090,75801,0.027572195617472064
85-89,2018,3,2018 Q3,2098,76235,0.027520167901882338
85-89,2018,4,2018 Q4,2124,76703,0.027691224593562182
85-89,2019,1,2019 Q1,2325,76915,0.030228173958265617
85-89,2019,2,2019 Q2,2116,77375,0.027347334410339257
85-89,2019,3,2019 Q3,2018,78054,0.025853896020703617
85-89,2019,4,2019 Q4,2154,78610,0.02740109400839588
85-89,2020,1,2020 Q1,2314,79335,0.029167454465242326
85-89,2020,2,2020 Q2,2126,80077,0.026549446158072854
85-89,2020,3,2020 Q3,2085,81027,0.025732163352956423
85-89,2020,4,2020 Q4,2445,81933,0.029841455823660795
85-89,2021,1,2021 Q1,2363,81938,0.02883887817618199
85-89,2021,2,2021 Q2,2211,82755,0.026717418887076308
85-89,2021,3,2021 Q3,2347,84079,0.027914223527872595
85-89,2021,4,2021 Q4,2689,84902,0.031671809851358035
85-89,2022,1,2022 Q1,2696,85184,0.031649135987978964
85-89,2022,2,2022 Q2,2351,85888,0.027372857675111772
85-89,2022,3,2022 Q3,2347,87506,0.026821017987338013
85-89,2022,4,2022 Q4,2600,88543,0.029364263691087945
90-94,2008,1,2008 Q1,1604,28117,0.0570473379094498
90-94,2008,2,2008 Q2,1461,28130,0.05193743334518308
90-94,2008,3,2008 Q3,1428,28286,0.05048433854203493
90-94,2008,4,2008 Q4,1569,28462,0.05512613308973368
90-94,2009,1,2009 Q1,1806,28413,0.06356245380635625
90-94,2009,2,2009 Q2,1387,27974,0.049581754486308714
90-94,2009,3,2009 Q3,1335,27904,0.04784260321100917
90-94,2009,4,2009 Q4,1450,27996,0.05179311330190027
90-94,2010,1,2010 Q1,1564,28409,0.055052976169523746
90-94,2010,2,2010 Q2,1412,28975,0.04873166522864538
90-94,2010,3,2010 Q3,1411,29589,0.047686640305518946
90-94,2010,4,2010 Q4,1538,30024,0.05122568611777245
90-94,2011,1,2011 Q1,1696,30166,0.05622223695551283
90-94,2011,2,2011 Q2,1425,30350,0.04695222405271829
90-94,2011,3,2011 Q3,1467,30764,0.04768560655311403
90-94,2011,4,2011 Q4,1575,31177,0.050518010071527085
90-94,2012,1,2012 Q1,1654,31371,0.052723853240253735
90-94,2012,2,2012 Q2,1446,31545,0.04583927722301474
90-94,2012,3,2012 Q3,1453,31865,0.04559861917464302
90-94,2012,4,2012 Q4,1589,32156,0.04941535016793133
90-94,2013,1,2013 Q1,1978,32069,0.061679503570426265
90-94,2013,2,2013 Q2,1585,31981,0.04956067665176198
90-94,2013,3,2013 Q3,1454,32287,0.04503360485644377
90-94,2013,4,2013 Q4,1448,32656,0.044341009309162176
90-94,2014,1,2014 Q1,1661,32794,0.05064950905653473
90-94,2014,2,2014 Q2,1462,33052,0.04423332929928597
90-94,2014,3,2014 Q3,1632,33569,0.04861628288003813
90-94,2014,4,2014 Q4,1649,33777,0.04882020309678183
90-94,2015,1,2015 Q1,1951,33716,0.05786570174397912
90-94,2015,2,2015 Q2,1598,33477,0.047734265316485947
90-94,2015,3,2015 Q3,1543,33635,0.045874832763490414
90-94,2015,4,2015 Q4,1661,33828,0.04910133617121911
90-94,2016,1,2016 Q1,1805,33790,0.0534181710565256
90-94,2016,2,2016 Q2,1561,33804,0.04617796710448468
90-94,2016,3,2016 Q3,1523,34082,0.044686344698081096
90-94,2016,4,2016 Q4,1739,34325,0.05066278222869629
90-94,2017,1,2017 Q1,2030,34250,0.05927007299270073
90-94,2017,2,2017 Q2,1623,34047,0.0476693981848621
90-94,2017,3,2017 Q3,1502,34392,0.04367294719702256
90-94,2017,4,2017 Q4,1707,34689,0.04920868286776788
90-94,2018,1,2018 Q1,2131,34591,0.06160561995894886
90-94,2018,2,2018 Q2,1670,34331,0.04864408260755585
90-94,2018,3,2018 Q3,1636,34384,0.047580269892973474
90-94,2018,4,2018 Q4,1645,34567,0.047588740706454136
90-94,2019,1,2019 Q1,1824,34661,0.05262398661319639
90-94,2019,2,2019 Q2,1636,34656,0.04720683287165282
90-94,2019,3,2019 Q3,1571,34751,0.04520733216310322
90-94,2019,4,2019 Q4,1779,34962,0.05088381671529089
90-94,2020,1,2020 Q1,1817,34714,0.05234199458431757
90-94,2020,2,2020 Q2,1684,34591,0.0486831834870342
90-94,2020,3,2020 Q3,1614,34703,0.04650894735325476
90-94,2020,4,2020 Q4,1764,34851,0.05061547731772403
90-94,2021,1,2021 Q1,1823,34831,0.052338434153483965
90-94,2021,2,2021 Q2,1626,34751,0.04679002043106673
90-94,2021,3,2021 Q3,1711,34878,0.04905671196742933
90-94,2021,4,2021 Q4,1907,35047,0.05441264587553856
90-94,2022,1,2022 Q1,2047,34795,0.05883029170857882
90-94,2022,2,2022 Q2,1686,34699,0.048589296521513586
90-94,2022,3,2022 Q3,1708,34905,0.048932817647901444
90-94,2022,4,2022 Q4,1923,35129,0.05474109709926272
95+,2008,1,2008 Q1,738,7763,0.09506634033234575
95+,2008,2,2008 Q2,658,7773,0.08465200051460182
95+,2008,3,2008 Q3,613,7780,0.07879177377892031
95+,2008,4,2008 Q4,687,7882,0.08716061913219995
95+,2009,1,2009 Q1,839,7942,0.10564089649962226
95+,2009,2,2009 Q2,620,7876,0.0787201625190452
95+,2009,3,2009 Q3,596,7961,0.07486496671272454
95+,2009,4,2009 Q4,675,8123,0.0830973778160778
95+,2010,1,2010 Q1,795,8210,0.09683313032886723
95+,2010,2,2010 Q2,644,8199,0.07854616416636175
95+,2010,3,2010 Q3,673,8221,0.08186352025301058
95+,2010,4,2010 Q4,750,8219,0.09125197712617107
95+,2011,1,2011 Q1,735,8200,0.08963414634146341
95+,2011,2,2011 Q2,708,8284,0.08546595847416708
95+,2011,3,2011 Q3,629,8323,0.07557371140213866
95+,2011,4,2011 Q4,727,8441,0.0861272361094657
95+,2012,1,2012 Q1,790,8464,0.09333648393194707
95+,2012,2,2012 Q2,700,8463,0.0827129859387924
95+,2012,3,2012 Q3,663,8527,0.07775301981939721
95+,2012,4,2012 Q4,754,8584,0.08783783783783784
95+,2013,1,2013 Q1,915,8563,0.10685507415625364
95+,2013,2,2013 Q2,699,8428,0.08293782629330802
95+,2013,3,2013 Q3,663,8504,0.07796331138287864
95+,2013,4,2013 Q4,668,8618,0.07751218380134602
95+,2014,1,2014 Q1,705,8731,0.08074676440270301
95+,2014,2,2014 Q2,674,8793,0.07665188217900602
95+,2014,3,2014 Q3,702,8815,0.0796369824163358
95+,2014,4,2014 Q4,758,8880,0.08536036036036036
95+,2015,1,2015 Q1,892,9057,0.09848735784476095
95+,2015,2,2015 Q2,765,9222,0.08295380611581002
95+,2015,3,2015 Q3,685,9349,0.07326986843512676
95+,2015,4,2015 Q4,775,9558,0.08108390876752458
95+,2016,1,2016 Q1,904,9674,0.09344635104403556
95+,2016,2,2016 Q2,833,9767,0.08528719156342787
95+,2016,3,2016 Q3,714,9871,0.07233309695066356
95+,2016,4,2016 Q4,833,10055,0.08284435604177026
95+,2017,1,2017 Q1,979,10126,0.09668180920402923
95+,2017,2,2017 Q2,811,10016,0.08097044728434505
95+,2017,3,2017 Q3,813,10035,0.08101644245142003
95+,2017,4,2017 Q4,829,10112,0.08198180379746836
95+,2018,1,2018 Q1,1090,10049,0.10846850432878893
95+,2018,2,2018 Q2,825,9901,0.08332491667508332
95+,2018,3,2018 Q3,822,10018,0.08205230584947096
95+,2018,4,2018 Q4,863,10114,0.08532726913189638
95+,2019,1,2019 Q1,947,10082,0.09392977583812735
95+,2019,2,2019 Q2,842,10100,0.08336633663366337
95+,2019,3,2019 Q3,807,10204,0.07908663269306154
95+,2019,4,2019 Q4,875,10284,0.08508362504861922
95+,2020,1,2020 Q1,879,10314,0.08522396742292031
95+,2020,2,2020 Q2,829,10436,0.0794365657339977
95+,2020,3,2020 Q3,870,10562,0.08237076311304677
95+,2020,4,2020 Q4,904,10604,0.08525084873632592
95+,2021,1,2021 Q1,923,10627,0.08685423920203256
95+,2021,2,2021 Q2,902,10728,0.08407904548844146
95+,2021,3,2021 Q3,917,10813,0.08480532692129844
95+,2021,4,2021 Q4,1082,10830,0.09990766389658357
95+,2022,1,2022 Q1,1151,10670,0.10787253983130272
95+,2022,2,2022 Q2,912,10453,0.08724768009183967
95+,2022,3,2022 Q3,840,10457,0.08032896624270823
95+,2022,4,2022 Q4,957,10494,0.09119496855345911
